[1.jpg]
filters=dir_tint=1,0.494845,1.017682,0.000000,0.070175,ff7e7e7e,0;
moddate=d3d2b1d8a3a2d101
width=1024
height=768
textactive=0
[3.jpg]
filters=dir_tint=1,0.583859,1.018256,1.000000,0.438596,ff919191,0;
moddate=94c0e8b451a3d101
width=1000
height=621
textactive=0
[2.jpg]
filters=dir_tint=1,0.582461,1.017682,0.000000,0.403509,ff6e6e6e,0;
moddate=8042f0d351a3d101
width=6000
height=4000
textactive=0
